
R  1080 720

NO                 ./textures/mur_neon.xpm
SO   ./textures/greystone.xpm

WE     ./textures/bluestone.xpm
EA   ./textures/black7_1.xpm

S ./textures/barrel.xpm
F 100,0,100
C 0,0,0

1 1 1 1 1 1 1 1 1 1 1 1 1 1 1 1 1 1 1 1 1 1 1 1 1 1 1 1 1
1 0 0 0 0 0 0 0 0 0 1 1 0 0 0 0 0 0 0 0 0 0 0 0 0 0 0 0 1
1 0 1 1 0 0 0 0 0 1 1 1 0 0 0 2 0 0 0 0 0 0 0 0 1 0 0 0 1
1 0 1 2 0 0 0 0 0 0 0 0 0 0 0 0 0 0 0 0 0 W 0 0 1 0 0 0 1
1 0 1 1 0 0 0 0 0 1 1 1 0 0 0 0 0 0 0 0 0 0 0 0 1 0 0 0 1
1 0 0 0 0 0 0 0 0 0 1 1 0 0 0 0 0 1 1 1 0 1 1 1 1 0 0 0 1
1 1 1 1 0 1 1 1 1 1 1 1 1 1 0 1 1 1 0 0 0 0 0 0 1 0 0 0 1
1 1 1 1 0 1 1 1 1 1 1 1 1 1 0 1 1 1 0 1 0 1 0 0 0 0 0 0 1
1 1 0 0 0 0 0 0 1 1 0 1 0 1 0 1 1 0 0 0 0 0 0 0 0 0 0 0 1
1 0 0 0 2 0 0 0 0 0 0 0 0 0 0 0 0 0 0 0 0 0 0 0 0 0 0 0 1
1 0 0 0 0 0 0 0 0 0 0 0 0 0 0 0 1 1 0 1 0 1 0 0 1 0 0 0 1
1 1 0 0 0 0 0 0 1 1 0 1 0 1 0 1 1 1 1 1 0 1 1 1 1 0 0 0 1
1 1 1 1 0 1 1 1 1 1 1 1 0 1 0 1 1 1 1 1 0 1 1 1 1 0 0 0 1
1 1 1 1 1 1 1 1 1 1 1 1 1 1 1 1 1 1 1 1 1 1 1 1 1 1 1 1 1